1.000000e-01
1.034952e-01
1.071126e-01
1.108564e-01
1.147310e-01
1.187411e-01
1.228913e-01
1.271866e-01
1.316320e-01
1.362328e-01
1.409945e-01
1.459225e-01
1.510228e-01
1.563013e-01
1.617644e-01
1.674183e-01
1.732699e-01
1.793261e-01
1.855939e-01
1.920807e-01
1.987944e-01
2.057426e-01
2.129337e-01
2.203762e-01
2.280788e-01
2.360506e-01
2.443010e-01
2.528398e-01
2.616771e-01
2.708232e-01
2.802890e-01
2.900857e-01
3.002247e-01
3.107182e-01
3.215784e-01
3.328182e-01
3.444509e-01
3.564901e-01
3.689501e-01
3.818457e-01
3.951919e-01
4.090047e-01
4.233002e-01
4.380954e-01
4.534077e-01
4.692552e-01
4.856566e-01
5.026313e-01
5.201992e-01
5.383812e-01
5.571987e-01
5.766739e-01
5.968298e-01
6.176902e-01
6.392797e-01
6.616238e-01
6.847489e-01
7.086822e-01
7.334520e-01
7.590876e-01
7.856193e-01
8.130782e-01
8.414969e-01
8.709089e-01
9.013489e-01
9.328528e-01
9.654579e-01
9.992026e-01
1.034127e+00
1.070271e+00
1.107680e+00
1.146395e+00
1.186464e+00
1.227933e+00
1.270852e+00
1.315271e+00
1.361242e+00
1.408820e+00
1.458061e+00
1.509023e+00
1.561767e+00
1.616354e+00
1.672848e+00
1.731318e+00
1.791831e+00
1.854459e+00
1.919276e+00
1.986358e+00
2.055785e+00
2.127639e+00
2.202004e+00
2.278969e+00
2.358623e+00
2.441062e+00
2.526382e+00
2.614684e+00
2.706072e+00
2.800655e+00
2.898543e+00
2.999853e+00
