0 1 0 95.4995 49.5525 0.578007 0.275917 0.0566075 0.0485205 500 500
0 1 1 95.4995 49.5525 0.578007 0.275917 0.0566075 0.0485205 500 500
0 1 0 406.092 439.827 0.246581 0.09976 0.174511 0.0266821 500 500
0 1 1 406.092 439.827 0.246581 0.09976 0.174511 0.0266821 500 500
0 1 0 129.003 202.862 0.266648 0.339256 0.191004 0.0590933 500 500
0 1 1 129.003 202.862 0.266648 0.339256 0.191004 0.0590933 500 500
0 1 0 72.9064 18.911 0.776151 0.158758 0.187268 0.122674 500 500
0 1 1 72.9064 18.911 0.776151 0.158758 0.187268 0.122674 500 500
0 1 0 182.491 171.088 0.0609135 0.271125 0.0729345 0.0425318 500 500
0 1 1 182.491 171.088 0.0609135 0.271125 0.0729345 0.0425318 500 500
0 1 0 231.716 142.859 0.419233 0.277889 0.137702 0.0558522 500 500
0 1 1 231.716 142.859 0.419233 0.277889 0.137702 0.0558522 500 500
0 1 0 119.04 70.281 0.880135 0.288633 0.127068 0.0618476 500 500
0 1 1 119.04 70.281 0.880135 0.288633 0.127068 0.0618476 500 500
0 1 0 269.438 273.197 0.842702 0.20559 0.156712 0.0590119 500 500
0 1 1 269.438 273.197 0.842702 0.20559 0.156712 0.0590119 500 500
0 1 0 260.053 346.804 0.278283 0.21759 0.0270118 0.00277012 500 500
0 1 1 260.053 346.804 0.278283 0.21759 0.0270118 0.00277012 500 500
0 1 0 37.2777 63.3443 0.0786348 0.373887 0.0962466 0.0551093 500 500
0 1 1 37.2777 63.3443 0.0786348 0.373887 0.0962466 0.0551093 500 500
0 1 0 362.679 320.116 0.68513 0.13039 0.135606 0.0791435 500 500
0 1 1 362.679 320.116 0.68513 0.13039 0.135606 0.0791435 500 500
0 1 0 333.458 424.321 0.748204 0.344196 0.182271 0.181798 500 500
0 1 1 333.458 424.321 0.748204 0.344196 0.182271 0.181798 500 500
0 1 0 381.635 452.652 0.843518 0.116111 0.0650336 0.0544183 500 500
0 1 1 381.635 452.652 0.843518 0.116111 0.0650336 0.0544183 500 500
0 1 0 197.458 256.851 0.430824 0.0841839 0.0691974 0.0603658 500 500
0 1 1 197.458 256.851 0.430824 0.0841839 0.0691974 0.0603658 500 500
0 1 0 264.977 285.209 0.764986 0.378853 0.163161 0.113766 500 500
0 1 1 264.977 285.209 0.764986 0.378853 0.163161 0.113766 500 500
0 1 0 105.053 101.555 0.411526 0.270975 0.170184 0.115303 500 500
0 1 1 105.053 101.555 0.411526 0.270975 0.170184 0.115303 500 500
0 1 0 384.215 357.885 0.896344 0.270391 0.145402 0.140719 500 500
0 1 1 384.215 357.885 0.896344 0.270391 0.145402 0.140719 500 500
0 1 0 169.734 132.958 0.995815 0.31325 0.0271308 0.0118988 500 500
0 1 1 169.734 132.958 0.995815 0.31325 0.0271308 0.0118988 500 500
0 1 0 246.836 299.028 0.461992 0.370474 0.0299308 0.0148708 500 500
0 1 1 246.836 299.028 0.461992 0.370474 0.0299308 0.0148708 500 500
0 1 0 66.7412 78.571 0.358844 0.0980425 0.0503451 0.0214808 500 500
0 1 1 66.7412 78.571 0.358844 0.0980425 0.0503451 0.0214808 500 500
0 1 0 49.5549 76.3391 0.895392 0.230995 0.0599962 0.00635763 500 500
0 1 1 49.5549 76.3391 0.895392 0.230995 0.0599962 0.00635763 500 500
0 1 0 329.354 356.573 0.267633 0.390634 0.0766267 0.0642105 500 500
0 1 1 329.354 356.573 0.267633 0.390634 0.0766267 0.0642105 500 500
0 1 0 362.77 320.38 0.652654 0.272719 0.0112325 0.00259763 500 500
0 1 1 362.77 320.38 0.652654 0.272719 0.0112325 0.00259763 500 500
0 1 0 314.167 245.041 0.763874 0.390069 0.131657 0.0138514 500 500
0 1 1 314.167 245.041 0.763874 0.390069 0.131657 0.0138514 500 500
0 1 0 23.6914 6.74383 0.464709 0.336628 0.0889101 0.0117241 500 500
0 1 1 23.6914 6.74383 0.464709 0.336628 0.0889101 0.0117241 500 500
0 1 0 414.226 359.393 0.318495 0.188431 0.011078 0.00723155 500 500
0 1 1 414.226 359.393 0.318495 0.188431 0.011078 0.00723155 500 500
0 1 0 109.122 92.2933 0.128846 0.217925 0.01506 0.00817784 500 500
0 1 1 109.122 92.2933 0.128846 0.217925 0.01506 0.00817784 500 500
0 1 0 205.777 263.714 0.549719 0.105897 0.0368366 0.0141328 500 500
0 1 1 205.777 263.714 0.549719 0.105897 0.0368366 0.0141328 500 500
0 1 0 249.819 334.191 0.388312 0.307761 0.149352 0.0251844 500 500
0 1 1 249.819 334.191 0.388312 0.307761 0.149352 0.0251844 500 500
0 1 0 184.369 253.313 0.433614 0.365628 0.0386365 0.0317557 500 500
0 1 1 184.369 253.313 0.433614 0.365628 0.0386365 0.0317557 500 500
0 1 0 51.5001 24.8609 0.0151457 0.212551 0.175719 0.0388451 500 500
0 1 1 51.5001 24.8609 0.0151457 0.212551 0.175719 0.0388451 500 500
0 1 0 187.016 268.162 0.550551 0.0770031 0.110128 0.03134 500 500
0 1 1 187.016 268.162 0.550551 0.0770031 0.110128 0.03134 500 500
0 1 0 213.148 133.14 0.315283 0.0637008 0.134683 0.123651 500 500
0 1 1 213.148 133.14 0.315283 0.0637008 0.134683 0.123651 500 500
0 1 0 45.5959 32.2906 0.769608 0.160529 0.183734 0.0611669 500 500
0 1 1 45.5959 32.2906 0.769608 0.160529 0.183734 0.0611669 500 500
0 1 0 60.5858 85.581 0.61684 0.215059 0.0440589 0.0265065 500 500
0 1 1 60.5858 85.581 0.61684 0.215059 0.0440589 0.0265065 500 500
0 1 0 34.6783 55.0617 0.605451 0.327638 0.115715 0.0218889 500 500
0 1 1 34.6783 55.0617 0.605451 0.327638 0.115715 0.0218889 500 500
0 1 0 229.247 235.917 0.810608 0.192859 0.182791 0.147893 500 500
0 1 1 229.247 235.917 0.810608 0.192859 0.182791 0.147893 500 500
0 1 0 194.627 163.323 0.841908 0.0725786 0.0716734 0.0503781 500 500
0 1 1 194.627 163.323 0.841908 0.0725786 0.0716734 0.0503781 500 500
0 1 0 135.901 200.066 0.799521 0.194212 0.0216899 0.0118562 500 500
0 1 1 135.901 200.066 0.799521 0.194212 0.0216899 0.0118562 500 500
0 1 0 25.0545 3.5544 0.253601 0.29273 0.168383 0.0191095 500 500
0 1 1 25.0545 3.5544 0.253601 0.29273 0.168383 0.0191095 500 500
0 1 0 405.756 307.101 0.458037 0.290823 0.0146417 0.00137129 500 500
0 1 1 405.756 307.101 0.458037 0.290823 0.0146417 0.00137129 500 500
0 1 0 212.732 262.967 0.253355 0.285994 0.0140415 0.000104317 500 500
0 1 1 212.732 262.967 0.253355 0.285994 0.0140415 0.000104317 500 500
0 1 0 55.1931 90.8615 0.193434 0.387738 0.150234 0.0347678 500 500
0 1 1 55.1931 90.8615 0.193434 0.387738 0.150234 0.0347678 500 500
0 1 0 60.4269 18.699 0.231034 0.238836 0.15787 0.12821 500 500
0 1 1 60.4269 18.699 0.231034 0.238836 0.15787 0.12821 500 500
0 1 0 69.9368 87.3131 0.842384 0.371773 0.182568 0.0704867 500 500
0 1 1 69.9368 87.3131 0.842384 0.371773 0.182568 0.0704867 500 500
0 1 0 193.971 141.864 0.439932 0.320724 0.0831513 0.00211288 500 500
0 1 1 193.971 141.864 0.439932 0.320724 0.0831513 0.00211288 500 500
0 1 0 49.1181 47.1782 0.0711287 0.17288 0.0540698 0.00978171 500 500
0 1 1 49.1181 47.1782 0.0711287 0.17288 0.0540698 0.00978171 500 500
0 1 0 279.547 294.985 0.509994 0.121542 0.121048 0.0775356 500 500
0 1 1 279.547 294.985 0.509994 0.121542 0.121048 0.0775356 500 500
0 1 0 366.775 462.001 0.000801861 0.157833 0.119356 0.0948732 500 500
0 1 1 366.775 462.001 0.000801861 0.157833 0.119356 0.0948732 500 500
0 1 0 296.578 250.45 0.996948 0.397358 0.158837 0.0467898 500 500
0 1 1 296.578 250.45 0.996948 0.397358 0.158837 0.0467898 500 500
0 1 0 60.1416 35.4976 0.157119 0.151323 0.0280424 0.00391247 500 500
0 1 1 60.1416 35.4976 0.157119 0.151323 0.0280424 0.00391247 500 500
0 1 0 374.656 287.972 0.193693 0.290258 0.011723 0.0112093 500 500
0 1 1 374.656 287.972 0.193693 0.290258 0.011723 0.0112093 500 500
0 1 0 233.529 194.623 0.0890343 0.125147 0.153446 0.0882108 500 500
0 1 1 233.529 194.623 0.0890343 0.125147 0.153446 0.0882108 500 500
0 1 0 290.47 317.59 0.49744 0.324481 0.142954 0.122536 500 500
0 1 1 290.47 317.59 0.49744 0.324481 0.142954 0.122536 500 500
0 1 0 29.9234 48.7135 0.537463 0.234 0.0875586 0.0579371 500 500
0 1 1 29.9234 48.7135 0.537463 0.234 0.0875586 0.0579371 500 500
0 1 0 272.304 176.163 0.059303 0.136128 0.0696279 0.000167097 500 500
0 1 1 272.304 176.163 0.059303 0.136128 0.0696279 0.000167097 500 500
0 1 0 143.726 187.635 0.491187 0.323117 0.141928 0.0390908 500 500
0 1 1 143.726 187.635 0.491187 0.323117 0.141928 0.0390908 500 500
0 1 0 318.184 351.046 0.260217 0.122186 0.118996 0.00775026 500 500
0 1 1 318.184 351.046 0.260217 0.122186 0.118996 0.00775026 500 500
0 1 0 89.0596 155.72 0.23532 0.26384 0.171476 0.00317928 500 500
0 1 1 89.0596 155.72 0.23532 0.26384 0.171476 0.00317928 500 500
0 1 0 355.21 318.893 0.982997 0.105318 0.122396 0.024464 500 500
0 1 1 355.21 318.893 0.982997 0.105318 0.122396 0.024464 500 500
0 1 0 237.235 210.94 0.374572 0.278122 0.0552861 0.0251635 500 500
0 1 1 237.235 210.94 0.374572 0.278122 0.0552861 0.0251635 500 500
0 1 0 316.05 287.063 0.51327 0.383032 0.0751476 0.0448313 500 500
0 1 1 316.05 287.063 0.51327 0.383032 0.0751476 0.0448313 500 500
0 1 0 279.45 311.099 0.405138 0.107191 0.175621 0.0353035 500 500
0 1 1 279.45 311.099 0.405138 0.107191 0.175621 0.0353035 500 500
0 1 0 201.945 279.194 0.1827 0.0572724 0.125602 0.00456762 500 500
0 1 1 201.945 279.194 0.1827 0.0572724 0.125602 0.00456762 500 500
0 1 0 64.8724 37.8916 0.384912 0.21164 0.169531 0.0566984 500 500
0 1 1 64.8724 37.8916 0.384912 0.21164 0.169531 0.0566984 500 500
0 1 0 92.9371 107.788 0.374562 0.295781 0.157898 0.0615107 500 500
0 1 1 92.9371 107.788 0.374562 0.295781 0.157898 0.0615107 500 500
0 1 0 304.849 285.709 0.663469 0.128116 0.159888 0.0334218 500 500
0 1 1 304.849 285.709 0.663469 0.128116 0.159888 0.0334218 500 500
0 1 0 391.476 471.882 0.950436 0.139262 0.0353051 0.0241694 500 500
0 1 1 391.476 471.882 0.950436 0.139262 0.0353051 0.0241694 500 500
0 1 0 99.7926 15.1947 0.155484 0.0789693 0.0454974 0.0137917 500 500
0 1 1 99.7926 15.1947 0.155484 0.0789693 0.0454974 0.0137917 500 500
0 1 0 263.001 245.864 0.787612 0.161183 0.0655904 0.0631196 500 500
0 1 1 263.001 245.864 0.787612 0.161183 0.0655904 0.0631196 500 500
0 1 0 157.596 69.6074 0.327632 0.0615382 0.0218622 0.0203387 500 500
0 1 1 157.596 69.6074 0.327632 0.0615382 0.0218622 0.0203387 500 500
0 1 0 369.41 458.342 0.615004 0.31304 0.0950766 0.0156245 500 500
0 1 1 369.41 458.342 0.615004 0.31304 0.0950766 0.0156245 500 500
0 1 0 106.295 41.2313 0.0870531 0.389103 0.122789 0.00936861 500 500
0 1 1 106.295 41.2313 0.0870531 0.389103 0.122789 0.00936861 500 500
0 1 0 127.932 163.799 0.174429 0.189469 0.0264581 0.0132165 500 500
0 1 1 127.932 163.799 0.174429 0.189469 0.0264581 0.0132165 500 500
0 1 0 316.466 279.856 0.903097 0.383072 0.13746 0.0502228 500 500
0 1 1 316.466 279.856 0.903097 0.383072 0.13746 0.0502228 500 500
0 1 0 275.388 310.678 0.364671 0.397099 0.143977 0.136405 500 500
0 1 1 275.388 310.678 0.364671 0.397099 0.143977 0.136405 500 500
0 1 0 335.509 298.474 0.987336 0.0977021 0.152257 0.150029 500 500
0 1 1 335.509 298.474 0.987336 0.0977021 0.152257 0.150029 500 500
0 1 0 375.822 297.426 0.787547 0.382407 0.0744664 0.0471416 500 500
0 1 1 375.822 297.426 0.787547 0.382407 0.0744664 0.0471416 500 500
0 1 0 37.06 67.4577 0.165672 0.27883 0.102563 0.00662554 500 500
0 1 1 37.06 67.4577 0.165672 0.27883 0.102563 0.00662554 500 500
0 1 0 259.369 318.378 0.220791 0.362682 0.186871 0.147462 500 500
0 1 1 259.369 318.378 0.220791 0.362682 0.186871 0.147462 500 500
0 1 0 234.563 186.46 0.644216 0.345919 0.0789717 0.0762202 500 500
0 1 1 234.563 186.46 0.644216 0.345919 0.0789717 0.0762202 500 500
0 1 0 216.931 206.956 0.737068 0.265952 0.0704781 0.0283358 500 500
0 1 1 216.931 206.956 0.737068 0.265952 0.0704781 0.0283358 500 500
0 1 0 220.74 260.205 0.0759509 0.193955 0.0424013 0.0423412 500 500
0 1 1 220.74 260.205 0.0759509 0.193955 0.0424013 0.0423412 500 500
0 1 0 25.6843 28.6667 0.843996 0.0760271 0.194253 0.161932 500 500
0 1 1 25.6843 28.6667 0.843996 0.0760271 0.194253 0.161932 500 500
0 1 0 388.57 476.828 0.442107 0.0626265 0.157603 0.143538 500 500
0 1 1 388.57 476.828 0.442107 0.0626265 0.157603 0.143538 500 500
0 1 0 296.55 289.495 0.862061 0.276878 0.11701 0.0754185 500 500
0 1 1 296.55 289.495 0.862061 0.276878 0.11701 0.0754185 500 500
0 1 0 366.824 272.603 0.235158 0.187784 0.0666887 0.00470318 500 500
0 1 1 366.824 272.603 0.235158 0.187784 0.0666887 0.00470318 500 500
0 1 0 111.936 160.551 0.942216 0.243314 0.105772 0.0689201 500 500
0 1 1 111.936 160.551 0.942216 0.243314 0.105772 0.0689201 500 500
0 1 0 95.9028 175.61 0.154127 0.372317 0.16185 0.160429 500 500
0 1 1 95.9028 175.61 0.154127 0.372317 0.16185 0.160429 500 500
0 1 0 256.842 241.871 0.194523 0.337779 0.0397656 0.00494479 500 500
0 1 1 256.842 241.871 0.194523 0.337779 0.0397656 0.00494479 500 500
0 1 0 264.653 277.71 0.743092 0.388552 0.143956 0.0880936 500 500
0 1 1 264.653 277.71 0.743092 0.388552 0.143956 0.0880936 500 500
0 1 0 65.0078 11.6664 0.313897 0.0742173 0.147315 0.0925484 500 500
0 1 1 65.0078 11.6664 0.313897 0.0742173 0.147315 0.0925484 500 500
0 1 0 62.1765 27.8042 0.243018 0.395922 0.0109305 0.000396247 500 500
0 1 1 62.1765 27.8042 0.243018 0.395922 0.0109305 0.000396247 500 500
0 1 0 190.72 288.352 0.0400279 0.324877 0.177772 0.103496 500 500
0 1 1 190.72 288.352 0.0400279 0.324877 0.177772 0.103496 500 500
0 1 0 184.163 134.859 0.727279 0.296546 0.106528 0.104831 500 500
0 1 1 184.163 134.859 0.727279 0.296546 0.106528 0.104831 500 500
0 1 0 108.082 107.738 0.0626447 0.324207 0.161272 0.133139 500 500
0 1 1 108.082 107.738 0.0626447 0.324207 0.161272 0.133139 500 500
0 1 0 323.26 390.849 0.892016 0.267695 0.09546 0.0345758 500 500
0 1 1 323.26 390.849 0.892016 0.267695 0.09546 0.0345758 500 500
0 1 0 162.494 78.267 0.231358 0.308045 0.0369148 0.0106078 500 500
0 1 1 162.494 78.267 0.231358 0.308045 0.0369148 0.0106078 500 500
0 1 0 270.839 312.654 0.351896 0.227942 0.0612182 0.0225739 500 500
0 1 1 270.839 312.654 0.351896 0.227942 0.0612182 0.0225739 500 500
0 1 0 266.908 271.97 0.568992 0.131059 0.193834 0.116155 500 500
0 1 1 266.908 271.97 0.568992 0.131059 0.193834 0.116155 500 500*