60
6.121212e+01
6.242424e+01
6.363636e+01
6.484848e+01
6.606061e+01
6.727273e+01
6.848485e+01
6.969697e+01
7.090909e+01
7.212121e+01
7.333333e+01
7.454545e+01
7.575758e+01
7.696970e+01
7.818182e+01
7.939394e+01
8.060606e+01
8.181818e+01
8.303030e+01
8.424242e+01
8.545455e+01
8.666667e+01
8.787879e+01
8.909091e+01
9.030303e+01
9.151515e+01
9.272727e+01
9.393939e+01
9.515152e+01
9.636364e+01
9.757576e+01
9.878788e+01
100
1.012121e+02
1.024242e+02
1.036364e+02
1.048485e+02
1.060606e+02
1.072727e+02
1.084848e+02
1.096970e+02
1.109091e+02
1.121212e+02
1.133333e+02
1.145455e+02
1.157576e+02
1.169697e+02
1.181818e+02
1.193939e+02
1.206061e+02
1.218182e+02
1.230303e+02
1.242424e+02
1.254545e+02
1.266667e+02
1.278788e+02
1.290909e+02
1.303030e+02
1.315152e+02
1.327273e+02
1.339394e+02
1.351515e+02
1.363636e+02
1.375758e+02
1.387879e+02
140
1.412121e+02
1.424242e+02
1.436364e+02
1.448485e+02
1.460606e+02
1.472727e+02
1.484848e+02
1.496970e+02
1.509091e+02
1.521212e+02
1.533333e+02
1.545455e+02
1.557576e+02
1.569697e+02
1.581818e+02
1.593939e+02
1.606061e+02
1.618182e+02
1.630303e+02
1.642424e+02
1.654545e+02
1.666667e+02
1.678788e+02
1.690909e+02
1.703030e+02
1.715152e+02
1.727273e+02
1.739394e+02
1.751515e+02
1.763636e+02
1.775758e+02
1.787879e+02
180
