40
4.121212e+01
4.242424e+01
4.363636e+01
4.484848e+01
4.606061e+01
4.727273e+01
4.848485e+01
4.969697e+01
5.090909e+01
5.212121e+01
5.333333e+01
5.454545e+01
5.575758e+01
5.696970e+01
5.818182e+01
5.939394e+01
6.060606e+01
6.181818e+01
6.303030e+01
6.424242e+01
6.545455e+01
6.666667e+01
6.787879e+01
6.909091e+01
7.030303e+01
7.151515e+01
7.272727e+01
7.393939e+01
7.515152e+01
7.636364e+01
7.757576e+01
7.878788e+01
80
8.121212e+01
8.242424e+01
8.363636e+01
8.484848e+01
8.606061e+01
8.727273e+01
8.848485e+01
8.969697e+01
9.090909e+01
9.212121e+01
9.333333e+01
9.454545e+01
9.575758e+01
9.696970e+01
9.818182e+01
9.939394e+01
1.006061e+02
1.018182e+02
1.030303e+02
1.042424e+02
1.054545e+02
1.066667e+02
1.078788e+02
1.090909e+02
1.103030e+02
1.115152e+02
1.127273e+02
1.139394e+02
1.151515e+02
1.163636e+02
1.175758e+02
1.187879e+02
120
1.212121e+02
1.224242e+02
1.236364e+02
1.248485e+02
1.260606e+02
1.272727e+02
1.284848e+02
1.296970e+02
1.309091e+02
1.321212e+02
1.333333e+02
1.345455e+02
1.357576e+02
1.369697e+02
1.381818e+02
1.393939e+02
1.406061e+02
1.418182e+02
1.430303e+02
1.442424e+02
1.454545e+02
1.466667e+02
1.478788e+02
1.490909e+02
1.503030e+02
1.515152e+02
1.527273e+02
1.539394e+02
1.551515e+02
1.563636e+02
1.575758e+02
1.587879e+02
160
